Atlanta 
0.269467
2003762.6705729421
0, 6, 8, 11, 5, 9, 15, 3, 18, 14, 7, 13, 17, 4, 19, 10, 12, 16, 2, 1, 0

Berlin
1.844532
8262.014938300117
0, 21, 17, 2, 16, 6, 1, 41, 20, 30, 22, 29, 19, 49, 15, 28, 46, 25, 11, 27, 26, 12, 13, 51, 10, 50, 32, 42, 9, 8, 7, 40, 18, 44, 31, 48, 39, 37, 4, 14, 5, 3, 24, 45, 23, 47, 36, 38, 35, 34, 33, 43, 0

Boston
0.941071
922526.0013168695
0, 10, 34, 9, 20, 6, 35, 12, 27, 28, 37, 22, 33, 24, 30, 38, 29, 36, 25, 32, 11, 4, 31, 19, 23, 21, 3, 18, 39, 17, 26, 1, 15, 2, 13, 16, 14, 7, 8, 5, 0

Champaign
1.057173
54564.66668164033
0, 30, 24, 14, 35, 45, 38, 15, 9, 21, 28, 20, 22, 16, 47, 18, 43, 31, 40, 7, 37, 49, 19, 23, 34, 4, 36, 6, 39, 50, 42, 12, 2, 5, 27, 54, 48, 25, 53, 52, 33, 46, 29, 3, 17, 11, 8, 13, 1, 51, 44, 10, 41, 32, 26, 0

Cincinnati
0.11836
284117.3912994287
0, 9, 2, 1, 4, 8, 6, 5, 3, 7, 0

Denver
2.263689
112787.01196574875
0, 9, 28, 44, 45, 53, 70, 13, 79, 61, 69, 25, 35, 65, 75, 66, 19, 8, 76, 57, 16, 55, 6, 50, 26, 32, 10, 73, 31, 39, 81, 74, 15, 37, 34, 29, 1, 71, 80, 46, 59, 48, 33, 56, 42, 2, 11, 22, 54, 41, 24, 14, 5, 78, 27, 7, 43, 21, 67, 58, 52, 82, 60, 68, 77, 40, 38, 62, 51, 3, 49, 64, 30, 23, 18, 4, 47, 20, 17, 36, 12, 72, 63, 0

NYC
1.463032
1634958.8358709705
0, 23, 60, 20, 2, 11, 41, 31, 55, 39, 4, 18, 48, 22, 59, 28, 24, 29, 40, 5, 63, 66, 37, 6, 10, 65, 25, 54, 33, 45, 42, 30, 21, 51, 32, 56, 17, 9, 13, 43, 27, 49, 52, 36, 61, 38, 50, 34, 67, 7, 35, 58, 14, 57, 8, 16, 26, 44, 64, 19, 62, 15, 1, 47, 3, 12, 46, 53, 0

Philadelphia
0.566675
1476503.2772156554
0, 23, 19, 16, 22, 9, 11, 7, 26, 6, 2, 20, 14, 5, 1, 29, 8, 17, 24, 12, 4, 3, 27, 28, 13, 15, 10, 25, 21, 18, 0

Roanoke
13.643454
741319.9834329253
0, 6, 209, 182, 116, 19, 35, 161, 228, 132, 111, 154, 34, 86, 93, 107, 49, 150, 27, 61, 101, 26, 168, 39, 80, 129, 54, 77, 214, 33, 36, 191, 178, 195, 88, 106, 204, 74, 160, 115, 183, 21, 25, 143, 144, 4, 137, 2, 207, 15, 188, 184, 59, 136, 14, 7, 109, 200, 9, 113, 118, 194, 192, 83, 166, 78, 94, 28, 197, 199, 64, 153, 163, 13, 119, 96, 164, 193, 29, 63, 43, 219, 12, 47, 133, 226, 124, 213, 173, 56, 75, 142, 10, 138, 220, 58, 57, 196, 45, 18, 110, 224, 46, 16, 175, 222, 155, 210, 90, 95, 165, 100, 8, 67, 5, 202, 37, 32, 223, 128, 152, 216, 20, 3, 141, 169, 227, 87, 108, 89, 149, 170, 185, 145, 11, 186, 102, 103, 211, 44, 229, 212, 92, 167, 171, 203, 51, 79, 131, 81, 1, 114, 148, 157, 179, 120, 55, 17, 53, 174, 91, 52, 99, 215, 104, 201, 98, 189, 65, 23, 218, 140, 105, 127, 40, 221, 76, 42, 30, 198, 97, 41, 112, 208, 217, 205, 172, 147, 181, 60, 24, 122, 130, 123, 84, 187, 180, 135, 85, 69, 125, 72, 159, 50, 121, 151, 190, 176, 225, 68, 22, 158, 177, 126, 162, 146, 206, 38, 66, 73, 156, 82, 134, 139, 70, 48, 117, 31, 62, 71, 0

SanFrancisco
4.020889
919750.2949970874
0, 47, 36, 73, 69, 32, 8, 19, 20, 95, 29, 76, 9, 55, 17, 74, 68, 5, 40, 59, 31, 30, 61, 92, 48, 12, 62, 67, 79, 98, 37, 86, 75, 87, 49, 35, 71, 54, 43, 90, 52, 7, 84, 88, 96, 41, 34, 2, 4, 63, 1, 26, 82, 14, 60, 15, 57, 81, 66, 45, 27, 10, 22, 97, 53, 70, 33, 89, 58, 23, 64, 51, 42, 18, 11, 16, 25, 93, 39, 28, 78, 50, 77, 24, 21, 83, 91, 38, 13, 85, 44, 80, 6, 3, 65, 72, 94, 46, 56, 0

Toronto
4.98736
1291979.0860853195
0, 34, 100, 97, 81, 44, 33, 51, 28, 15, 106, 93, 45, 58, 83, 50, 1, 80, 24, 82, 2, 62, 19, 43, 31, 94, 42, 84, 60, 5, 29, 102, 78, 66, 3, 91, 73, 55, 47, 79, 20, 12, 67, 39, 54, 27, 11, 105, 77, 32, 107, 41, 59, 87, 17, 18, 61, 95, 92, 86, 72, 104, 98, 75, 49, 6, 64, 35, 7, 70, 46, 96, 63, 22, 14, 21, 99, 16, 52, 101, 53, 57, 103, 90, 88, 10, 48, 30, 38, 13, 69, 68, 26, 85, 74, 56, 71, 37, 40, 25, 36, 65, 76, 8, 9, 108, 23, 89, 4, 0

UKansasState
0.122312
62962.31280742245
0, 1, 5, 3, 6, 7, 8, 2, 9, 4, 0

ulysses16
0.23893
8288.0
0, 7, 3, 1, 2, 15, 11, 6, 9, 8, 10, 4, 5, 14, 13, 12, 0

UMissouri
4.173864
147141.56065203686
0, 86, 43, 58, 65, 9, 26, 27, 75, 92, 11, 22, 91, 8, 56, 79, 88, 82, 73, 101, 33, 25, 49, 67, 98, 18, 41, 105, 7, 96, 54, 28, 29, 4, 51, 64, 30, 97, 12, 87, 68, 19, 55, 5, 39, 15, 63, 89, 16, 76, 45, 85, 20, 21, 61, 24, 80, 44, 71, 99, 50, 81, 1, 32, 52, 62, 34, 46, 13, 60, 102, 3, 14, 74, 31, 6, 83, 72, 47, 84, 10, 40, 66, 103, 104, 2, 100, 37, 94, 53, 70, 35, 38, 36, 48, 17, 69, 93, 77, 95, 59, 90, 78, 42, 23, 57, 0
